{
    "_versionMajor": 0,
    "_versionMinor": 3,
    "boundsCenter": {
        "x": 0,
        "y": 0,
        "z": 0.4660974144935608
    },
    "boundsSize": {
        "x": 1.2618013620376587,
        "y": 0.9460957646369934,
        "z": 0.27404776215553284
    },
    "format": "perpixel",
    "numAngles": 1,
    "perspectives": [
        {
            "clipEpsilon": 0.018244994804263115,
            "crop": {
                "w": 0.3427419066429138,
                "x": 0.3554486334323883,
                "y": 0.6068548560142517,
                "z": 0.23331186175346375
            },
            "depthFocalLength": {
                "x": 978.9119262695313,
                "y": 979.176025390625
            },
            "depthImageSize": {
                "x": 2048.0,
                "y": 1536.0
            },
            "depthPrincipalPoint": {
                "x": 1020.3523559570313,
                "y": 779.021240234375
            },
            "extrinsics": {
                "e00": 0.9999638795852661,
                "e01": -0.008481467142701149,
                "e02": 0.0004964733961969614,
                "e03": 0.03206349164247513,
                "e10": 0.008400958962738514,
                "e11": 0.9958053231239319,
                "e12": 0.09111102670431137,
                "e13": 0.0032681298907846212,
                "e20": -0.0012671459699049592,
                "e21": -0.09110356867313385,
                "e22": 0.9958406090736389,
                "e23": 0.0033894162625074387,
                "e30": 0.0,
                "e31": 0.0,
                "e32": 0.0,
                "e33": 1.0
            },
            "farClip": 0.603121280670166,
            "nearClip": 0.3290735185146332
        }
    ],
    "textureHeight": 1056,
    "textureWidth": 480
}
